0.000000000000000000e+00
0.000000000000000000e+00
0.000000000000000000e+00
0.000000000000000000e+00
0.000000000000000000e+00
0.000000000000000000e+00
0.000000000000000000e+00
0.000000000000000000e+00
0.000000000000000000e+00
0.000000000000000000e+00
0.000000000000000000e+00
0.000000000000000000e+00
0.000000000000000000e+00
0.000000000000000000e+00
-0.000000000000000000e+00
-0.000000000000000000e+00
-0.000000000000000000e+00
-0.000000000000000000e+00
-0.000000000000000000e+00
-0.000000000000000000e+00
-0.000000000000000000e+00
-0.000000000000000000e+00
-0.000000000000000000e+00
-0.000000000000000000e+00
-0.000000000000000000e+00
-0.000000000000000000e+00
-0.000000000000000000e+00
-0.000000000000000000e+00
-0.000000000000000000e+00
-0.000000000000000000e+00
-0.000000000000000000e+00
-0.000000000000000000e+00
-0.000000000000000000e+00
-0.000000000000000000e+00
-0.000000000000000000e+00
-0.000000000000000000e+00
-0.000000000000000000e+00
-0.000000000000000000e+00
-0.000000000000000000e+00
-0.000000000000000000e+00
-0.000000000000000000e+00
-0.000000000000000000e+00
0.000000000000000000e+00
0.000000000000000000e+00
0.000000000000000000e+00
0.000000000000000000e+00
0.000000000000000000e+00
0.000000000000000000e+00
0.000000000000000000e+00
0.000000000000000000e+00
0.000000000000000000e+00
0.000000000000000000e+00
0.000000000000000000e+00
0.000000000000000000e+00
0.000000000000000000e+00
0.000000000000000000e+00
0.000000000000000000e+00
0.000000000000000000e+00
0.000000000000000000e+00
0.000000000000000000e+00
0.000000000000000000e+00
0.000000000000000000e+00
0.000000000000000000e+00
0.000000000000000000e+00
0.000000000000000000e+00
0.000000000000000000e+00
0.000000000000000000e+00
0.000000000000000000e+00
0.000000000000000000e+00
0.000000000000000000e+00
0.000000000000000000e+00
0.000000000000000000e+00
0.000000000000000000e+00
0.000000000000000000e+00
0.000000000000000000e+00
0.000000000000000000e+00
0.000000000000000000e+00
0.000000000000000000e+00
0.000000000000000000e+00
0.000000000000000000e+00
0.000000000000000000e+00
0.000000000000000000e+00
0.000000000000000000e+00
0.000000000000000000e+00
0.000000000000000000e+00
0.000000000000000000e+00
0.000000000000000000e+00
-0.000000000000000000e+00
-0.000000000000000000e+00
-0.000000000000000000e+00
-0.000000000000000000e+00
-0.000000000000000000e+00
-0.000000000000000000e+00
-0.000000000000000000e+00
-0.000000000000000000e+00
-0.000000000000000000e+00
-0.000000000000000000e+00
-0.000000000000000000e+00
-0.000000000000000000e+00
-0.000000000000000000e+00
-0.000000000000000000e+00
-0.000000000000000000e+00
-0.000000000000000000e+00
-0.000000000000000000e+00
-0.000000000000000000e+00
0.000000000000000000e+00
0.000000000000000000e+00
0.000000000000000000e+00
0.000000000000000000e+00
0.000000000000000000e+00
0.000000000000000000e+00
0.000000000000000000e+00
0.000000000000000000e+00
0.000000000000000000e+00
0.000000000000000000e+00
2.309020000000000170e-02
3.785330000000000084e-01
1.166849999999999943e+00
2.357909999999999950e+00
3.888389999999999791e+00
5.675830000000000375e+00
7.634260000000000268e+00
9.689009999999999678e+00
1.178730000000000011e+01
1.390130000000000088e+01
1.602100000000000080e+01
1.814130000000000109e+01
2.024849999999999994e+01
2.231350000000000122e+01
2.429029999999999845e+01
2.611580000000000013e+01
2.770840000000000103e+01
2.896480000000000032e+01
2.976079999999999970e+01
2.995860000000000056e+01
2.941430000000000078e+01
2.798199999999999932e+01
2.551269999999999882e+01
2.185849999999999937e+01
1.689359999999999928e+01
1.055410000000000004e+01
2.879309999999999814e+00
-5.977699999999999569e+00
-1.587620000000000076e+01
-2.672080000000000055e+01
-3.844360000000000355e+01
-5.102450000000000330e+01
-6.448189999999999600e+01
-7.884290000000000020e+01
-9.411360000000000525e+01
-1.102630000000000052e+02
-1.272240000000000038e+02
-1.448930000000000007e+02
-1.631339999999999861e+02
-1.817640000000000100e+02
-2.005500000000000114e+02
-2.192210000000000036e+02
-2.374950000000000045e+02
-2.551239999999999952e+02
-2.719230000000000018e+02
-2.877810000000000059e+02
-3.026519999999999868e+02
-3.165160000000000196e+02
-3.293489999999999895e+02
-3.410799999999999841e+02
-3.515679999999999836e+02
-3.605930000000000177e+02
-3.678729999999999905e+02
-3.730960000000000036e+02
-3.759669999999999845e+02
-3.762450000000000045e+02
-3.737570000000000050e+02
-3.683849999999999909e+02
-3.600480000000000018e+02
-3.486739999999999782e+02
-3.342060000000000173e+02
-3.166150000000000091e+02
-2.959169999999999732e+02
-2.721850000000000023e+02
-2.455389999999999873e+02
-2.161260000000000048e+02
-1.841100000000000136e+02
-1.496649999999999920e+02
-1.129779999999999944e+02
-7.425239999999999441e+01
-3.370270000000000010e+01
8.456210000000000448e+00
5.201400000000000290e+01
9.675790000000000646e+01
1.424550000000000125e+02
1.888300000000000125e+02
2.355589999999999975e+02
2.822749999999999773e+02
3.285899999999999750e+02
3.741279999999999859e+02
4.185500000000000114e+02
4.615749999999999886e+02
5.029909999999999854e+02
5.426570000000000391e+02
5.805080000000000382e+02
6.165359999999999445e+02
6.507839999999999918e+02
6.833210000000000264e+02
7.142250000000000227e+02
7.435670000000000073e+02
7.713970000000000482e+02
7.977269999999999754e+02
8.225159999999999627e+02
8.456530000000000200e+02
8.669489999999999554e+02
8.861330000000000382e+02
9.028680000000000518e+02
9.167630000000000337e+02
9.273869999999999436e+02
9.342740000000000009e+02
9.369310000000000400e+02
9.348460000000000036e+02
9.275040000000000191e+02
9.144089999999999918e+02
8.951009999999999991e+02
8.691670000000000300e+02
8.362319999999999709e+02
7.959579999999999700e+02
7.480430000000000064e+02
6.922390000000000327e+02
6.283840000000000146e+02
5.564450000000000500e+02
4.765450000000000159e+02
3.889889999999999759e+02
2.942679999999999723e+02
1.930490000000000066e+02
8.615800000000000125e+01
-2.544389999999999930e+01
-1.406870000000000118e+02
-2.584209999999999923e+02
-3.774379999999999882e+02
-4.964859999999999900e+02
-6.142849999999999682e+02
-7.295449999999999591e+02
-8.409859999999999900e+02
-9.473759999999999764e+02
-1.047559999999999945e+03
-1.140500000000000000e+03
-1.225279999999999973e+03
-1.301099999999999909e+03
-1.367329999999999927e+03
-1.423430000000000064e+03
-1.469009999999999991e+03
-1.503799999999999955e+03
-1.527630000000000109e+03
-1.540430000000000064e+03
-1.542180000000000064e+03
-1.532900000000000091e+03
-1.512690000000000055e+03
-1.481740000000000009e+03
-1.440279999999999973e+03
-1.388690000000000055e+03
-1.327349999999999909e+03
-1.256750000000000000e+03
-1.177349999999999909e+03
-1.089670000000000073e+03
-9.942100000000000364e+02
-8.915650000000000546e+02
-7.823730000000000473e+02
-6.673640000000000327e+02
-5.473579999999999472e+02
-4.232749999999999773e+02
-2.961419999999999959e+02
-1.670980000000000132e+02
-3.739860000000000184e+01
9.159910000000000707e+01
2.184550000000000125e+02
3.416809999999999832e+02
4.597749999999999773e+02
5.712599999999999909e+02
6.747110000000000127e+02
7.687899999999999636e+02
8.522649999999999864e+02
9.240399999999999636e+02
9.831820000000000164e+02
1.028950000000000045e+03
1.060859999999999900e+03
1.078650000000000091e+03
1.082400000000000091e+03
1.072430000000000064e+03
1.049390000000000100e+03
1.014159999999999968e+03
9.678160000000000309e+02
9.116639999999999873e+02
8.471440000000000055e+02
7.758260000000000218e+02
6.993719999999999573e+02
6.194859999999999900e+02
5.378659999999999854e+02
4.561580000000000155e+02
3.759089999999999918e+02
2.985389999999999873e+02
2.253149999999999977e+02
1.573319999999999936e+02
9.549590000000000600e+01
4.051160000000000139e+01
-7.120059999999999611e+00
-4.710009999999999764e+01
-7.932489999999999952e+01
-1.038790000000000049e+02
-1.210330000000000013e+02
-1.312359999999999900e+02
-1.351049999999999898e+02
-1.334060000000000059e+02
-1.270190000000000055e+02
-1.168970000000000056e+02
-1.040229999999999961e+02
-8.936960000000000548e+01
-7.386950000000000216e+01
-5.838450000000000273e+01
-4.368520000000000181e+01
-3.043390000000000128e+01
-1.917289999999999850e+01
-1.030289999999999928e+01
-4.118719999999999715e+00
-8.264529999999999932e-01
-3.867280000000000162e-01
-2.521739999999999871e+00
-6.752640000000000420e+00
-1.245679999999999943e+01
-1.893700000000000117e+01
-2.549170000000000158e+01
-3.147759999999999891e+01
-3.635999999999999943e+01
-3.974889999999999901e+01
-4.142040000000000077e+01
-4.132220000000000226e+01
-3.956179999999999808e+01
-3.637939999999999685e+01
-3.211079999999999757e+01
-2.714580000000000126e+01
-2.188970000000000127e+01
-1.672680000000000078e+01
-1.199009999999999998e+01
-7.934630000000000294e+00
-4.719859999999999722e+00
-2.401539999999999786e+00
-9.364850000000000119e-01
-1.981719999999999871e-01
-0.000000000000000000e+00
-0.000000000000000000e+00
-0.000000000000000000e+00
-0.000000000000000000e+00
-0.000000000000000000e+00
0.000000000000000000e+00
0.000000000000000000e+00
0.000000000000000000e+00
0.000000000000000000e+00
0.000000000000000000e+00
0.000000000000000000e+00
0.000000000000000000e+00
0.000000000000000000e+00
0.000000000000000000e+00
0.000000000000000000e+00
0.000000000000000000e+00
0.000000000000000000e+00
0.000000000000000000e+00
0.000000000000000000e+00
0.000000000000000000e+00
0.000000000000000000e+00
0.000000000000000000e+00
0.000000000000000000e+00
0.000000000000000000e+00
0.000000000000000000e+00
0.000000000000000000e+00
0.000000000000000000e+00
0.000000000000000000e+00
0.000000000000000000e+00
0.000000000000000000e+00
0.000000000000000000e+00
0.000000000000000000e+00
0.000000000000000000e+00
0.000000000000000000e+00
0.000000000000000000e+00
0.000000000000000000e+00
0.000000000000000000e+00
0.000000000000000000e+00
0.000000000000000000e+00
0.000000000000000000e+00
0.000000000000000000e+00
0.000000000000000000e+00
0.000000000000000000e+00
0.000000000000000000e+00
0.000000000000000000e+00
-0.000000000000000000e+00
-0.000000000000000000e+00
-0.000000000000000000e+00
-0.000000000000000000e+00
-0.000000000000000000e+00
-0.000000000000000000e+00
-0.000000000000000000e+00
-0.000000000000000000e+00
-0.000000000000000000e+00
-0.000000000000000000e+00
-0.000000000000000000e+00
-0.000000000000000000e+00
-0.000000000000000000e+00
-0.000000000000000000e+00
-0.000000000000000000e+00
-0.000000000000000000e+00
-0.000000000000000000e+00
-0.000000000000000000e+00
-0.000000000000000000e+00
-0.000000000000000000e+00
-0.000000000000000000e+00
-0.000000000000000000e+00
-0.000000000000000000e+00
-0.000000000000000000e+00
-0.000000000000000000e+00
-0.000000000000000000e+00
-0.000000000000000000e+00
-0.000000000000000000e+00
-0.000000000000000000e+00
-0.000000000000000000e+00
-0.000000000000000000e+00
-0.000000000000000000e+00
-0.000000000000000000e+00
-0.000000000000000000e+00
-0.000000000000000000e+00
-0.000000000000000000e+00
-0.000000000000000000e+00
-0.000000000000000000e+00
-0.000000000000000000e+00
-0.000000000000000000e+00
-0.000000000000000000e+00
-0.000000000000000000e+00
-0.000000000000000000e+00
-0.000000000000000000e+00
-0.000000000000000000e+00
-0.000000000000000000e+00
0.000000000000000000e+00
0.000000000000000000e+00
0.000000000000000000e+00
0.000000000000000000e+00
0.000000000000000000e+00
0.000000000000000000e+00
0.000000000000000000e+00
0.000000000000000000e+00
0.000000000000000000e+00
0.000000000000000000e+00
0.000000000000000000e+00
0.000000000000000000e+00
0.000000000000000000e+00
0.000000000000000000e+00
0.000000000000000000e+00
0.000000000000000000e+00
0.000000000000000000e+00
0.000000000000000000e+00
0.000000000000000000e+00
0.000000000000000000e+00
0.000000000000000000e+00
0.000000000000000000e+00
0.000000000000000000e+00
0.000000000000000000e+00
0.000000000000000000e+00
0.000000000000000000e+00
0.000000000000000000e+00
0.000000000000000000e+00
0.000000000000000000e+00
0.000000000000000000e+00
0.000000000000000000e+00
0.000000000000000000e+00
0.000000000000000000e+00
0.000000000000000000e+00
0.000000000000000000e+00
0.000000000000000000e+00
-0.000000000000000000e+00
-0.000000000000000000e+00
-0.000000000000000000e+00
-0.000000000000000000e+00
-0.000000000000000000e+00
-0.000000000000000000e+00
-0.000000000000000000e+00
-0.000000000000000000e+00
-0.000000000000000000e+00
-0.000000000000000000e+00
-0.000000000000000000e+00
-0.000000000000000000e+00
-0.000000000000000000e+00
-0.000000000000000000e+00
-0.000000000000000000e+00
-0.000000000000000000e+00
-0.000000000000000000e+00
-0.000000000000000000e+00
-0.000000000000000000e+00
-0.000000000000000000e+00
-0.000000000000000000e+00
-0.000000000000000000e+00
-0.000000000000000000e+00
-0.000000000000000000e+00
-0.000000000000000000e+00
-0.000000000000000000e+00
-0.000000000000000000e+00
-0.000000000000000000e+00
-0.000000000000000000e+00
-0.000000000000000000e+00
0.000000000000000000e+00
0.000000000000000000e+00
0.000000000000000000e+00
0.000000000000000000e+00
0.000000000000000000e+00
0.000000000000000000e+00
0.000000000000000000e+00
-0.000000000000000000e+00
-0.000000000000000000e+00
-0.000000000000000000e+00
-0.000000000000000000e+00
-0.000000000000000000e+00
-0.000000000000000000e+00
-0.000000000000000000e+00
-0.000000000000000000e+00
-0.000000000000000000e+00
-0.000000000000000000e+00
0.000000000000000000e+00
0.000000000000000000e+00
0.000000000000000000e+00
0.000000000000000000e+00
0.000000000000000000e+00
0.000000000000000000e+00
0.000000000000000000e+00
0.000000000000000000e+00
-0.000000000000000000e+00
-0.000000000000000000e+00
-0.000000000000000000e+00
-0.000000000000000000e+00
-0.000000000000000000e+00
0.000000000000000000e+00
0.000000000000000000e+00
0.000000000000000000e+00
-0.000000000000000000e+00
-0.000000000000000000e+00
-0.000000000000000000e+00
0.000000000000000000e+00
0.000000000000000000e+00
0.000000000000000000e+00
0.000000000000000000e+00
-0.000000000000000000e+00
-0.000000000000000000e+00
-0.000000000000000000e+00
-0.000000000000000000e+00
0.000000000000000000e+00
0.000000000000000000e+00
0.000000000000000000e+00
0.000000000000000000e+00
0.000000000000000000e+00
-0.000000000000000000e+00
-0.000000000000000000e+00
-0.000000000000000000e+00
-0.000000000000000000e+00
0.000000000000000000e+00
0.000000000000000000e+00
0.000000000000000000e+00
0.000000000000000000e+00
-0.000000000000000000e+00
-0.000000000000000000e+00
-0.000000000000000000e+00
-0.000000000000000000e+00
0.000000000000000000e+00
0.000000000000000000e+00
0.000000000000000000e+00
0.000000000000000000e+00
-0.000000000000000000e+00
-0.000000000000000000e+00
-0.000000000000000000e+00
0.000000000000000000e+00
0.000000000000000000e+00
0.000000000000000000e+00
0.000000000000000000e+00
-0.000000000000000000e+00
-0.000000000000000000e+00
-0.000000000000000000e+00
-0.000000000000000000e+00
0.000000000000000000e+00
0.000000000000000000e+00
0.000000000000000000e+00
0.000000000000000000e+00
-0.000000000000000000e+00
-0.000000000000000000e+00
-0.000000000000000000e+00
-0.000000000000000000e+00
0.000000000000000000e+00
0.000000000000000000e+00
0.000000000000000000e+00
0.000000000000000000e+00
0.000000000000000000e+00
-0.000000000000000000e+00
-0.000000000000000000e+00
-0.000000000000000000e+00
-0.000000000000000000e+00
-0.000000000000000000e+00
0.000000000000000000e+00
0.000000000000000000e+00
0.000000000000000000e+00
0.000000000000000000e+00
0.000000000000000000e+00
0.000000000000000000e+00
-0.000000000000000000e+00
-0.000000000000000000e+00
0.000000000000000000e+00
0.000000000000000000e+00
0.000000000000000000e+00
-0.000000000000000000e+00
-0.000000000000000000e+00
-0.000000000000000000e+00
0.000000000000000000e+00
0.000000000000000000e+00
0.000000000000000000e+00
-0.000000000000000000e+00
-0.000000000000000000e+00
-0.000000000000000000e+00
-0.000000000000000000e+00
-0.000000000000000000e+00
0.000000000000000000e+00
0.000000000000000000e+00
0.000000000000000000e+00
0.000000000000000000e+00
-0.000000000000000000e+00
-0.000000000000000000e+00
-0.000000000000000000e+00
-0.000000000000000000e+00
0.000000000000000000e+00
0.000000000000000000e+00
0.000000000000000000e+00
-0.000000000000000000e+00
-0.000000000000000000e+00
-0.000000000000000000e+00
-0.000000000000000000e+00
0.000000000000000000e+00
0.000000000000000000e+00
0.000000000000000000e+00
0.000000000000000000e+00
0.000000000000000000e+00
-0.000000000000000000e+00
-0.000000000000000000e+00
-0.000000000000000000e+00
-0.000000000000000000e+00
-0.000000000000000000e+00
-0.000000000000000000e+00
-0.000000000000000000e+00
0.000000000000000000e+00
0.000000000000000000e+00
0.000000000000000000e+00
0.000000000000000000e+00
0.000000000000000000e+00
-0.000000000000000000e+00
-0.000000000000000000e+00
-0.000000000000000000e+00
-0.000000000000000000e+00
0.000000000000000000e+00
0.000000000000000000e+00
0.000000000000000000e+00
0.000000000000000000e+00
-0.000000000000000000e+00
-0.000000000000000000e+00
-0.000000000000000000e+00
-0.000000000000000000e+00
-0.000000000000000000e+00
0.000000000000000000e+00
0.000000000000000000e+00
0.000000000000000000e+00
0.000000000000000000e+00
-0.000000000000000000e+00
-0.000000000000000000e+00
-0.000000000000000000e+00
-0.000000000000000000e+00
-0.000000000000000000e+00
0.000000000000000000e+00
0.000000000000000000e+00
0.000000000000000000e+00
0.000000000000000000e+00
-0.000000000000000000e+00
-0.000000000000000000e+00
-0.000000000000000000e+00
-0.000000000000000000e+00
-0.000000000000000000e+00
0.000000000000000000e+00
0.000000000000000000e+00
0.000000000000000000e+00
0.000000000000000000e+00
0.000000000000000000e+00
0.000000000000000000e+00
0.000000000000000000e+00
0.000000000000000000e+00
0.000000000000000000e+00
0.000000000000000000e+00
0.000000000000000000e+00
0.000000000000000000e+00
0.000000000000000000e+00
0.000000000000000000e+00
0.000000000000000000e+00
0.000000000000000000e+00
0.000000000000000000e+00
0.000000000000000000e+00
0.000000000000000000e+00
0.000000000000000000e+00
0.000000000000000000e+00
