6.90805e-19
4.09241e-10
6.84738e-09
3.88682e-08
1.38265e-07
3.76567e-07
8.61773e-07
1.74434e-06
3.2225e-06
5.54687e-06
9.02446e-06
1.40221e-05
2.09693e-05
3.03606e-05
4.2757e-05
5.87879e-05
7.91514e-05
0.000104615
0.000136016
0.000174261
0.000220323
0.000275246
0.000340136
0.000416167
0.000504574
0.000606652
0.000723756
0.000857295
0.00100873
0.00117958
0.0013714
0.00158579
0.0018244
0.00208892
0.00238105
0.00270254
0.00305517
0.00344072
0.00386102
0.00431789
0.00481318
0.00534873
0.0059264
0.00654804
0.00721551
0.00793063
0.00869525
0.00951119
0.0103802
0.0113042
0.0122848
0.0133237
0.0144227
0.0155834
0.0168075
0.0180965
0.0194519
0.0208752
0.0223679
0.0239314
0.0255669
0.0272758
0.0290592
0.0309182
0.0328541
0.0348678
0.0369601
0.0391321
0.0413845
0.043718
0.0461333
0.0486309
0.0512114
0.0538752
0.0566225
0.0594537
0.062369
0.0653683
0.0684518
0.0716193
0.0748708
0.0782059
0.0816242
0.0851255
0.0887093
0.0923748
0.0961215
0.0999486
0.103855
0.107841
0.111904
0.116043
0.120258
0.124548
0.12891
0.133344
0.137847
0.14242
0.147059
0.151763
0.156531
0.161361
0.16625
0.171197
0.1762
0.181257
0.186365
0.191523
0.196727
0.201977
0.207269
0.212601
0.217971
0.223376
0.228814
0.234282
0.239777
0.245297
0.250838
0.2564
0.261978
0.267569
0.273172
0.278783
0.284399
0.290018
0.295636
0.301251
0.30686
0.312459
0.318047
0.32362
0.329175
0.334709
0.340219
0.345702
0.351156
0.356578
0.361964
0.367312
0.372619
0.377882
0.383099
0.388265
0.39338
0.398439
0.40344
0.408381
0.413259
0.418071
0.422815
0.427488
0.432087
0.43661
0.441055
0.44542
0.449701
0.453896
0.458004
0.462023
0.465949
0.469781
0.473517
0.477155
0.480692
0.484128
0.48746
0.490686
0.493805
0.496815
0.499715
0.502502
0.505176
0.507735
0.510178
0.512503
0.51471
0.516796
0.518762
0.520606
0.522326
0.523923
0.525396
0.526743
0.527964
0.529058
0.530025
0.530865
0.531576
0.532159
0.532613
0.532938
0.533134
0.533201
0.533139
0.532948
0.532628
0.532178
0.531601
0.530895
0.530061
0.529099
0.528011
0.526796
0.525455
0.523989
0.522398
0.520684
0.518847
0.516889
0.514809
0.512609
0.51029
0.507854
0.5053
0.502632
0.499849
0.496953
0.493946
0.490828
0.487602
0.484269
0.48083
0.477287
0.473641
0.469895
0.466049
0.462106
0.458067
0.453935
0.44971
0.445395
0.440992
0.436502
0.431927
0.427271
0.422533
0.417717
0.412824
0.407857
0.402818
0.397708
0.39253
0.387286
0.381978
0.376608
0.371178
0.365691
0.360148
0.354553
0.348906
0.343211
0.337469
0.331683
0.325854
0.319986
0.31408
0.308138
0.302163
0.296157
0.290122
0.28406
0.277973
0.271864
0.265735
0.259588
0.253424
0.247247
0.241058
0.234859
0.228653
0.222441
0.216225
0.210008
0.203791
0.197577
0.191368
0.185164
0.178969
0.172785
0.166612
0.160453
0.15431
0.148185
0.142079
0.135993
0.129931
0.123893
0.117881
0.111897
0.105942
0.100018
0.0941259
0.088268
0.0824456
0.0766599
0.0709124
0.0652045
0.0595375
0.0539127
0.0483313
0.0427947
0.037304
0.0318603
0.0264649
0.0211187
0.015823
0.0105786
0.00538658
0.000247915
-0.0048365
-0.00986577
-0.0148391
-0.0197555
-0.0246144
-0.029415
-0.0341566
-0.0388384
-0.0434599
-0.0480205
-0.0525195
-0.0569565
-0.061331
-0.0656425
-0.0698905
-0.0740747
-0.0781947
-0.0822502
-0.0862409
-0.0901664
-0.0940267
-0.0978215
-0.101551
-0.105214
-0.108811
-0.112342
-0.115808
-0.119207
-0.12254
-0.125807
-0.129009
-0.132144
-0.135214
-0.138218
-0.141157
-0.144031
-0.14684
-0.149584
-0.152264
-0.154879
-0.157432
-0.15992
-0.162346
-0.164709
-0.16701
-0.169249
-0.171427
-0.173545
-0.175601
-0.177599
-0.179537
-0.181416
-0.183237
-0.185001
-0.186708
-0.188359
-0.189954
-0.191494
-0.19298
-0.194412
-0.195792
-0.197119
-0.198395
-0.199619
-0.200794
-0.20192
-0.202997
-0.204026
-0.205009
-0.205945
-0.206835
-0.207681
-0.208484
-0.209243
-0.20996
-0.210635
-0.21127
-0.211866
-0.212422
-0.21294
-0.213421
-0.213865
-0.214274
-0.214648
-0.214988
-0.215295
-0.21557
-0.215813
-0.216025
-0.216208
-0.216362
-0.216487
-0.216585
-0.216657
-0.216703
-0.216723
-0.21672
-0.216693
-0.216644
-0.216573
-0.21648
-0.216368
-0.216236
-0.216085
-0.215916
-0.21573
-0.215528
-0.215309
-0.215075
-0.214827
-0.214565
-0.21429
-0.214003
-0.213704
-0.213394
-0.213073
-0.212743
-0.212403
-0.212055
-0.211698
-0.211335
-0.210964
-0.210588
-0.210205
-0.209817
-0.209425
-0.209029
-0.208629
-0.208225
-0.20782
-0.207411
-0.207002
-0.206591
-0.206179
-0.205766
-0.205354
-0.204942
-0.20453
-0.20412
-0.203711
-0.203304
-0.202899
-0.202497
-0.202097
-0.2017
-0.201307
-0.200917
-0.200532
-0.20015
-0.199773
-0.1994
-0.199032
-0.198669
-0.198311
-0.197958
-0.197611
-0.19727
-0.196935
-0.196605
-0.196281
-0.195964
-0.195653
-0.195348
-0.19505
-0.194758
-0.194473
-0.194194
-0.193922
-0.193657
-0.193398
-0.193146
-0.192901
-0.192663
-0.192431
-0.192206
-0.191988
-0.191776
-0.191571
-0.191372
-0.19118
-0.190994
-0.190814
-0.190641
-0.190474
-0.190313
-0.190157
-0.190008
-0.189864
-0.189726
-0.189594
-0.189466
-0.189344
-0.189227
-0.189115
-0.189008
-0.188905
-0.188807
-0.188713
-0.188623
-0.188537
-0.188455
-0.188377
-0.188302
-0.18823
-0.188162
-0.188096
-0.188033
-0.187972
-0.187914
-0.187858
-0.187804
-0.187752
-0.187701
-0.187652
-0.187604
-0.187556
-0.18751
-0.187464
-0.187419
-0.187373
-0.187328
-0.187282
-0.187236
-0.18719
-0.187142
-0.187094
-0.187044
-0.186993
-0.186941
-0.186886
-0.18683
-0.186772
-0.186711
-0.186648
-0.186582
-0.186513
-0.186441
-0.186366
-0.186288
-0.186206
-0.18612
-0.186031
-0.185937
-0.185839
-0.185737
-0.185631
-0.18552
-0.185404
-0.185283
-0.185157
-0.185026
-0.18489
-0.184748
-0.184601
-0.184448
-0.18429
-0.184125
-0.183954
-0.183778
-0.183595
-0.183406
-0.18321
-0.183008
-0.1828
-0.182585
-0.182363
-0.182134
-0.181899
-0.181656
-0.181407
-0.181151
-0.180887
-0.180617
-0.180339
-0.180054
-0.179762
-0.179462
-0.179156
-0.178842
-0.178521
-0.178192
-0.177856
-0.177513
-0.177162
-0.176804
-0.176438
-0.176066
-0.175685
-0.175298
-0.174903
-0.174501
-0.174092
-0.173675
-0.173251
-0.172821
-0.172382
-0.171937
-0.171485
-0.171026
-0.17056
-0.170087
-0.169607
-0.16912
-0.168627
-0.168127
-0.16762
-0.167107
-0.166588
-0.166062
-0.16553
-0.164992
-0.164447
-0.163897
-0.16334
-0.162778
-0.16221
-0.161636
-0.161057
-0.160472
-0.159882
-0.159286
-0.158685
-0.15808
-0.157469
-0.156853
-0.156233
-0.155608
-0.154978
-0.154344
-0.153705
-0.153063
-0.152416
-0.151765
-0.151111
-0.150452
-0.14979
-0.149124
-0.148455
-0.147783
-0.147108
-0.146429
-0.145747
-0.145063
-0.144376
-0.143686
-0.142994
-0.142299
-0.141602
-0.140903
-0.140202
-0.139499
-0.138795
-0.138088
-0.13738
-0.136671
-0.13596
-0.135248
-0.134535
-0.133821
-0.133106
-0.132391
-0.131674
-0.130957
-0.13024
-0.129522
-0.128804
-0.128086
-0.127368
-0.12665
-0.125932
-0.125214
-0.124497
-0.12378
-0.123064
-0.122348
-0.121633
-0.120919
-0.120206
-0.119494
-0.118783
-0.118073
-0.117364
-0.116657
-0.115951
-0.115247
-0.114544
-0.113843
-0.113143
-0.112446
-0.11175
-0.111056
-0.110364
-0.109675
-0.108987
-0.108302
-0.107619
-0.106938
-0.106259
-0.105583
-0.10491
-0.104239
-0.10357
-0.102904
-0.102241
-0.101581
-0.100923
-0.100268
-0.0996159
-0.0989668
-0.0983205
-0.0976772
-0.0970369
-0.0963996
-0.0957653
-0.0951341
-0.094506
-0.0938811
-0.0932593
-0.0926406
-0.0920251
-0.0914129
-0.0908039
-0.0901981
-0.0895956
-0.0889963
-0.0884003
-0.0878076
-0.0872182
-0.0866321
-0.0860494
-0.0854699
-0.0848938
-0.0843209
-0.0837514
-0.0831853
-0.0826224
-0.0820629
-0.0815066
-0.0809537
-0.0804041
-0.0798578
-0.0793147
-0.0787749
-0.0782384
-0.0777052
-0.0771752
-0.0766484
-0.0761248
-0.0756044
-0.0750872
-0.0745732
-0.0740623
-0.0735546
-0.0730499
-0.0725484
-0.0720499
-0.0715544
-0.071062
-0.0705726
-0.0700862
-0.0696027
-0.0691221
-0.0686445
-0.0681697
-0.0676978
-0.0672287
-0.0667625
-0.066299
-0.0658382
-0.0653802
-0.0649249
-0.0644722
-0.0640222
-0.0635747
-0.0631299
-0.0626876
-0.0622478
-0.0618105
-0.0613757
-0.0609433
-0.0605134
-0.0600857
-0.0596605
-0.0592375
-0.0588169
-0.0583984
-0.0579822
-0.0575682
-0.0571564
-0.0567467
-0.0563391
-0.0559336
-0.0555302
-0.0551287
-0.0547293
-0.0543318
-0.0539362
-0.0535426
-0.0531508
-0.0527609
-0.0523728
-0.0519865
-0.0516019
-0.0512192
-0.0508381
-0.0504587
-0.050081
-0.0497049
-0.0493305
-0.0489576
-0.0485863
-0.0482166
-0.0478484
-0.0474817
-0.0471164
-0.0467527
-0.0463903
-0.0460294
-0.0456699
-0.0453117
-0.0449549
-0.0445995
-0.0442453
-0.0438925
-0.0435409
-0.0431906
-0.0428416
-0.0424937
-0.0421471
-0.0418017
-0.0414575
-0.0411145
-0.0407726
-0.0404319
-0.0400923
-0.0397538
-0.0394165
-0.0390802
-0.038745
-0.038411
-0.0380779
-0.037746
-0.0374151
-0.0370852
-0.0367563
-0.0364285
-0.0361018
-0.035776
-0.0354512
-0.0351275
-0.0348047
-0.0344829
-0.0341622
-0.0338424
-0.0335236
-0.0332057
-0.0328889
-0.032573
-0.0322581
-0.0319442
-0.0316312
-0.0313192
-0.0310082
-0.0306982
-0.0303891
-0.030081
-0.0297739
-0.0294678
-0.0291626
-0.0288584
-0.0285552
-0.028253
-0.0279518
-0.0276516
-0.0273523
-0.0270541
-0.0267569
-0.0264607
-0.0261655
-0.0258713
-0.0255782
-0.0252861
-0.024995
-0.024705
-0.024416
-0.0241281
-0.0238412
-0.0235554
-0.0232707
-0.0229871
-0.0227045
-0.0224231
-0.0221427
-0.0218635
-0.0215854
-0.0213084
-0.0210326
-0.0207579
-0.0204843
-0.020212
-0.0199407
-0.0196707
-0.0194019
-0.0191342
-0.0188677
-0.0186025
-0.0183384
-0.0180756
-0.0178141
-0.0175537
-0.0172946
-0.0170368
-0.0167802
-0.016525
-0.016271
-0.0160182
-0.0157668
-0.0155167
-0.0152679
-0.0150205
-0.0147743
-0.0145295
-0.014286
-0.0140439
-0.0138032
-0.0135638
-0.0133258
-0.0130891
-0.0128539
-0.01262
-0.0123875
-0.0121565
-0.0119268
-0.0116986
-0.0114718
-0.0112464
-0.0110225
-0.0108
-0.0105789
-0.0103593
-0.0101411
-0.0099244
-0.00970916
-0.00949538
-0.00928307
-0.00907224
-0.00886288
-0.008655
-0.00844861
-0.0082437
-0.00804029
-0.00783836
-0.00763793
-0.007439
-0.00724157
-0.00704563
-0.0068512
-0.00665827
-0.00646685
-0.00627693
-0.00608851
-0.00590161
-0.00571621
-0.00553231
-0.00534993
-0.00516904
-0.00498967
-0.0048118
-0.00463543
-0.00446056
-0.0042872
-0.00411533
-0.00394497
-0.00377609
-0.00360872
-0.00344283
-0.00327843
-0.00311552
-0.00295408
-0.00279413
-0.00263566
-0.00247865
-0.00232312
-0.00216905
-0.00201644
-0.00186528
-0.00171558
-0.00156733
-0.00142051
-0.00127514
-0.00113119
-0.000988677
-0.000847582
-0.000707902
-0.000569632
-0.000432766
-0.000297298
-0.000163221
-3.053e-05
0.000100783
0.000230723
0.000359298
0.000486514
0.00061238
0.0007369
0.000860084
0.000981938
0.00110247
0.00122169
0.0013396
0.00145621
0.00157153
0.00168556
0.00179833
0.00190982
0.00202006
0.00212904
0.00223678
0.00234329
0.00244858
0.00255264
0.0026555
0.00275716
0.00285763
0.00295692
0.00305504
0.00315199
0.00324778
0.00334243
0.00343595
0.00352833
0.0036196
0.00370976
0.00379881
0.00388678
0.00397366
0.00405947
0.00414422
0.00422791
0.00431055
0.00439216
0.00447274
0.0045523
0.00463086
0.00470841
0.00478498
0.00486056
0.00493517
0.00500881
0.0050815
0.00515325
0.00522406
0.00529394
0.0053629
0.00543095
0.00549811
0.00556437
0.00562974
0.00569424
0.00575788
0.00582066
0.00588259
0.00594367
0.00600393
0.00606336
0.00612198
0.00617979
0.0062368
0.00629302
0.00634846
0.00640312
0.00645701
0.00651015
0.00656253
0.00661418
0.00666508
0.00671526
0.00676471
0.00681346
0.00686149
0.00690883
0.00695548
0.00700144
0.00704672
0.00709134
0.00713528
0.00717858
0.00722122
0.00726322
0.00730458
0.00734531
0.00738541
0.0074249
0.00746377
0.00750204
0.00753971
0.00757679
0.00761327
0.00764918
0.00768451
0.00771926
0.00775346
0.00778709
0.00782016
0.00785269
0.00788467
0.00791612
0.00794703
0.00797741
0.00800726
0.0080366
0.00806542
0.00809373
0.00812153
0.00814884
0.00817564
0.00820196
0.00822778
0.00825312
0.00827799
0.00830237
0.00832628
0.00834973
0.00837271
0.00839523
0.00841729
0.0084389
0.00846006
0.00848077
0.00850104
0.00852087
0.00854026
0.00855922
0.00857775
0.00859585
0.00861353
0.00863079
0.00864762
0.00866405
0.00868006
0.00869566
0.00871086
0.00872565
0.00874004
0.00875403
0.00876762
0.00878082
0.00879363
0.00880605
0.00881808
0.00882973
0.00884099
0.00885188
0.00886238
0.00887251
0.00888227
0.00889166
0.00890068
0.00890933
0.00891761
0.00892553
0.00893309
0.00894029
0.00894714
0.00895362
0.00895976
0.00896554
0.00897097
0.00897606
0.00898079
0.00898518
0.00898923
0.00899294
0.00899631
0.00899934
0.00900203
0.00900439
0.00900642
0.00900811
0.00900948
0.00901052
0.00901123
0.00901161
0.00901168
0.00901142
0.00901084
0.00900994
0.00900873
0.0090072
0.00900536
0.00900321
0.00900075
0.00899797
0.0089949
0.00899151
0.00898782
0.00898383
0.00897954
0.00897495
0.00897007
0.00896488
0.00895941
0.00895364
0.00894758
0.00894123
0.00893459
0.00892767
0.00892047
0.00891298
0.00890521
0.00889716
0.00888884
0.00888024
0.00887137
0.00886222
0.00885281
0.00884313
0.00883318
0.00882296
0.00881249
0.00880175
0.00879075
0.0087795
0.00876799
0.00875622
0.00874421
0.00873195
0.00871943
0.00870668
0.00869367
0.00868043
0.00866695
0.00865323
0.00863927
0.00862508
0.00861065
0.008596
0.00858112
0.00856601
0.00855068
0.00853513
0.00851936
0.00850337
0.00848716
0.00847075
0.00845412
0.00843728
0.00842023
0.00840299
0.00838553
0.00836788
0.00835003
0.00833199
0.00831375
0.00829531
0.00827669
0.00825789
0.00823889
0.00821972
0.00820037
0.00818083
0.00816112
0.00814124
0.00812119
0.00810096
0.00808058
0.00806002
0.00803931
0.00801843
0.0079974
0.00797621
0.00795487
0.00793337
0.00791173
0.00788995
0.00786801
0.00784594
0.00782373
0.00780138
0.0077789
0.00775628
0.00773354
0.00771066
0.00768766
0.00766454
0.0076413
0.00761794
0.00759446
0.00757086
0.00754716
0.00752335
0.00749942
0.0074754
0.00745126
0.00742703
0.0074027
0.00737828
0.00735376
0.00732914
0.00730444
0.00727965
0.00725477
0.00722982
0.00720477
0.00717965
0.00715446
0.00712919
0.00710384
0.00707843
0.00705294
0.00702739
0.00700177
0.0069761
0.00695036
0.00692456
0.0068987
0.00687279
0.00684683
0.00682082
0.00679476
0.00676865
0.0067425
0.0067163
0.00669006
0.00666378
0.00663747
0.00661112
0.00658473
0.00655831
0.00653186
0.00650539
0.00647888
0.00645235
0.0064258
0.00639922
0.00637262
0.00634601
0.00631938
0.00629273
0.00626607
0.00623939
0.00621271
0.00618601
0.00615931
0.0061326
0.00610589
0.00607917
0.00605245
0.00602573
0.00599902
0.0059723
0.00594559
0.00591888
0.00589218
0.00586548
0.0058388
0.00581212
0.00578546
0.00575881
0.00573217
0.00570554
0.00567894
0.00565235
0.00562578
0.00559923
0.00557269
0.00554618
0.0055197
0.00549324
0.0054668
0.00544038
0.005414
0.00538764
0.00536131
0.00533501
0.00530875
0.00528251
0.0052563
0.00523013
0.005204
0.00517789
0.00515183
0.0051258
0.00509981
0.00507385
0.00504794
0.00502206
0.00499623
0.00497043
0.00494468
0.00491897
0.00489331
0.00486769
0.00484211
0.00481658
0.00479109
0.00476565
0.00474026
0.00471491
0.00468962
0.00466437
0.00463917
0.00461402
0.00458892
0.00456387
0.00453887
0.00451393
0.00448903
0.00446419
0.00443941
0.00441467
0.00438999
0.00436537
0.0043408
0.00431628
0.00429182
0.00426742
0.00424307
0.00421878
0.00419455
0.00417037
0.00414625
0.00412219
0.00409819
0.00407424
0.00405036
0.00402653
0.00400277
0.00397906
0.00395541
0.00393183
0.0039083
0.00388484
0.00386143
0.00383809
0.00381481
0.00379159
0.00376843
0.00374534
0.0037223
0.00369933
0.00367642
0.00365358
0.0036308
0.00360808
0.00358542
0.00356283
0.0035403
0.00351784
0.00349544
0.00347311
0.00345083
0.00342863
0.00340649
0.00338441
0.0033624
0.00334045
0.00331857
0.00329675
0.003275
0.00325331
0.00323169
0.00321014
0.00318865
0.00316723
0.00314587
0.00312458
0.00310336
0.0030822
0.00306111
0.00304009
0.00301913
0.00299824
0.00297742
0.00295666
0.00293597
0.00291535
0.0028948
0.00287431
0.00285389
0.00283354
0.00281325
0.00279303
0.00277288
0.0027528
0.00273279
0.00271284
0.00269296
0.00267316
0.00265341
0.00263374
0.00261414
0.0025946
0.00257513
0.00255573
0.0025364
0.00251714
0.00249795
0.00247882
0.00245977
0.00244078
0.00242186
0.00240302
0.00238424
0.00236553
0.00234689
0.00232832
0.00230981
0.00229138
0.00227302
0.00225473
0.0022365
0.00221835
0.00220027
0.00218225
0.00216431
0.00214643
0.00212863
0.0021109
0.00209323
0.00207564
0.00205812
0.00204066
0.00202328
0.00200597
0.00198873
0.00197155
0.00195445
0.00193742
0.00192046
0.00190357
0.00188676
0.00187001
0.00185333
0.00183673
0.00182019
0.00180373
0.00178733
0.00177101
0.00175476
0.00173858
0.00172247
0.00170643
0.00169047
0.00167457
0.00165875
0.00164299
0.00162731
0.0016117
0.00159616
0.00158069
0.00156529
0.00154997
0.00153472
0.00151953
0.00150442
0.00148938
0.00147441
0.00145951
0.00144469
0.00142993
0.00141525
0.00140064
0.0013861
0.00137163
0.00135723
0.00134291
0.00132865
0.00131447
0.00130036
0.00128631
0.00127234
0.00125845
0.00124462
0.00123086
0.00121718
0.00120356
0.00119002
0.00117655
0.00116315
0.00114982
0.00113656
0.00112337
0.00111025
0.00109721
0.00108423
0.00107133
0.00105849
0.00104573
0.00103303
0.00102041
0.00100786
0.000995374
0.000982961
0.000970619
0.000958346
0.000946144
0.000934011
0.000921948
0.000909955
0.000898031
0.000886177
0.000874392
0.000862676
0.00085103
0.000839453
0.000827944
0.000816505
0.000805134
0.000793832
0.000782598
0.000771433
0.000760336
0.000749307
0.000738347
0.000727454
0.000716628
0.000705871
0.000695181
0.000684558
0.000674003
0.000663514
0.000653093
0.000642738
0.00063245
0.000622228
0.000612073
0.000601984
0.000591961
0.000582003
0.000572112
0.000562285
0.000552525
0.000542829
0.000533198
0.000523632
0.000514131
0.000504694
0.000495322
0.000486014
0.000476769
0.000467588
0.000458471
0.000449418
0.000440427
0.000431499
0.000422635
0.000413832
0.000405092
0.000396415
0.000387799
0.000379245
0.000370753
0.000362322
0.000353953
0.000345644
0.000337396
0.000329208
0.000321081
0.000313014
0.000305007
0.00029706
0.000289172
0.000281343
0.000273574
0.000265863
0.000258211
0.000250617
0.000243082
0.000235604
0.000228184
0.000220821
0.000213516
0.000206268
0.000199076
0.000191941
0.000184863
0.00017784
0.000170873
0.000163962
0.000157107
0.000150306
0.000143561
0.00013687
0.000130234
0.000123651
0.000117123
0.000110649
0.000104228
9.78602e-05
9.15456e-05
8.52838e-05
7.90745e-05
7.29176e-05
6.68127e-05
6.07597e-05
5.47582e-05
4.88082e-05
4.29092e-05
3.70611e-05
3.12637e-05
2.55167e-05
1.98198e-05
1.41728e-05
8.57556e-06
3.02772e-06
-2.47091e-06
-7.9206e-06
-1.33216e-05
-1.8674e-05
-2.39783e-05
-2.92345e-05
-3.4443e-05
-3.9604e-05
-4.47176e-05
-4.97842e-05
-5.48041e-05
-5.97773e-05
-6.47042e-05
-6.9585e-05
-7.442e-05
-7.92093e-05
-8.39532e-05
-8.8652e-05
-9.33059e-05
-9.79151e-05
-0.00010248
-0.000107
-0.000111477
-0.00011591
-0.000120299
-0.000124645
-0.000128948
-0.000133208
-0.000137425
-0.000141601
-0.000145734
-0.000149825
-0.000153874
-0.000157882
-0.000161849
-0.000165774
-0.000169659
-0.000173504
-0.000177308
-0.000181072
-0.000184796
-0.00018848
-0.000192125
-0.000195731
-0.000199298
-0.000202825
-0.000206315
-0.000209766
-0.000213179
-0.000216554
-0.000219891
-0.00022319
-0.000226453
-0.000229678
-0.000232867
-0.000236019
-0.000239134
-0.000242213
-0.000245257
-0.000248264
-0.000251236
-0.000254172
-0.000257073
-0.000259939
-0.000262771
-0.000265568
-0.00026833
-0.000271058
-0.000273753
-0.000276413
-0.00027904
-0.000281634
-0.000284194
-0.000286722
-0.000289216
-0.000291678
-0.000294108
-0.000296505
-0.000298871
-0.000301204
-0.000303506
-0.000305777
-0.000308016
-0.000310224
-0.000312402
-0.000314548
-0.000316665
-0.00031875
-0.000320806
-0.000322832
-0.000324828
-0.000326794
-0.000328732
-0.000330639
-0.000332518
-0.000334368
-0.00033619
-0.000337983
-0.000339747
-0.000341484
-0.000343192
-0.000344873
-0.000346526
-0.000348151
-0.00034975
-0.000351321
-0.000352866
-0.000354383
-0.000355874
-0.000357339
-0.000358778
-0.00036019
-0.000361577
-0.000362938
-0.000364273
-0.000365583
-0.000366868
-0.000368127
-0.000369362
-0.000370572
-0.000371758
-0.000372919
-0.000374056
-0.000375169
-0.000376258
-0.000377323
-0.000378365
-0.000379383
-0.000380378
-0.00038135
-0.000382299
-0.000383225
-0.000384129
-0.00038501
-0.000385869
-0.000386705
-0.00038752
-0.000388313
-0.000389084
-0.000389834
-0.000390562
-0.000391269
-0.000391955
-0.00039262
-0.000393264
-0.000393888
-0.000394491
-0.000395074
-0.000395636
-0.000396179
-0.000396702
-0.000397205
-0.000397688
-0.000398152
-0.000398597
-0.000399022
-0.000399429
-0.000399817
-0.000400186
-0.000400537
-0.000400869
-0.000401182
-0.000401478
-0.000401756
-0.000402016
-0.000402258
-0.000402483
-0.00040269
-0.00040288
-0.000403053
-0.000403208
-0.000403347
-0.00040347
-0.000403575
-0.000403664
-0.000403737
-0.000403794
-0.000403835
-0.000403859
-0.000403868
-0.000403862
-0.00040384
-0.000403802
-0.000403749
-0.000403682
-0.000403599
-0.000403501
-0.000403389
-0.000403262
-0.000403121
-0.000402965
-0.000402795
-0.000402611
-0.000402414
-0.000402202
-0.000401977
-0.000401738
-0.000401486
-0.00040122
-0.000400941
-0.00040065
-0.000400345
-0.000400028
-0.000399698
-0.000399355
-0.000399
-0.000398633
-0.000398253
-0.000397862
-0.000397458
-0.000397043
-0.000396616
-0.000396178
-0.000395728
-0.000395266
-0.000394794
-0.00039431
-0.000393816
-0.00039331
-0.000392794
-0.000392267
-0.00039173
-0.000391182
-0.000390624
-0.000390056
-0.000389478
-0.00038889
-0.000388292
-0.000387684
-0.000387067
-0.00038644
-0.000385804
-0.000385158
-0.000384504
-0.00038384
-0.000383167
-0.000382486
-0.000381795
-0.000381096
-0.000380389
-0.000379673
-0.000378949
-0.000378217
-0.000377476
-0.000376728
-0.000375971
-0.000375207
-0.000374435
-0.000373655
-0.000372868
-0.000372074
-0.000371272
-0.000370463
-0.000369647
-0.000368824
-0.000367994
-0.000367157
-0.000366314
-0.000365463
-0.000364607
-0.000363744
-0.000362874
-0.000361998
-0.000361117
-0.000360229
-0.000359335
-0.000358435
-0.000357529
-0.000356618
-0.000355701
-0.000354779
-0.000353851
-0.000352918
-0.000351979
-0.000351035
-0.000350087
-0.000349133
-0.000348174
-0.000347211
-0.000346242
-0.000345269
-0.000344292
-0.00034331
-0.000342323
-0.000341332
-0.000340337
-0.000339338
-0.000338334
-0.000337327
-0.000336316
-0.0003353
-0.000334281
-0.000333258
-0.000332232
-0.000331202
-0.000330168
-0.000329131
-0.000328091
-0.000327047
-0.000326001
-0.000324951
-0.000323898
-0.000322842
-0.000321783
-0.000320721
-0.000319656
-0.000318589
-0.000317519
-0.000316447
-0.000315372
-0.000314294
-0.000313214
-0.000312132
-0.000311048
-0.000309961
-0.000308872
-0.000307781
-0.000306688
-0.000305594
-0.000304497
-0.000303399
-0.000302298
-0.000301196
-0.000300093
-0.000298988
-0.000297881
-0.000296773
-0.000295663
-0.000294552
-0.00029344
-0.000292327
-0.000291212
-0.000290097
-0.00028898
-0.000287862
-0.000286743
-0.000285624
-0.000284503
-0.000283382
-0.00028226
-0.000281137
-0.000280013
-0.000278889
-0.000277765
-0.00027664
-0.000275514
-0.000274388
-0.000273262
-0.000272135
-0.000271008
-0.000269881
-0.000268754
-0.000267626
-0.000266499
-0.000265371
-0.000264244
-0.000263116
-0.000261989
-0.000260862
-0.000259734
-0.000258608
-0.000257481
-0.000256355
-0.000255229
-0.000254103
-0.000252978
-0.000251854
-0.000250729
-0.000249606
-0.000248483
-0.000247361
-0.000246239
-0.000245118
-0.000243998
-0.000242878
-0.000241759
-0.000240642
-0.000239525
-0.000238409
-0.000237294
-0.000236179
-0.000235066
-0.000233954
-0.000232843
-0.000231734
-0.000230625
-0.000229518
-0.000228411
-0.000227306
-0.000226203
-0.0002251
-0.000223999
-0.0002229
-0.000221801
-0.000220704
-0.000219609
-0.000218515
-0.000217423
-0.000216332
-0.000215243
-0.000214155
-0.000213069
-0.000211985
-0.000210902
-0.000209821
-0.000208742
-0.000207665
-0.000206589
-0.000205515
-0.000204443
-0.000203373
-0.000202305
-0.000201239
-0.000200175
-0.000199112
-0.000198052
-0.000196993
-0.000195937
-0.000194883
-0.000193831
-0.000192781
-0.000191733
-0.000190687
-0.000189643
-0.000188602
-0.000187562
-0.000186525
-0.000185491
-0.000184458
-0.000183428
-0.0001824
-0.000181374
-0.000180351
-0.00017933
-0.000178312
-0.000177296
-0.000176282
-0.000175271
-0.000174262
-0.000173256
-0.000172252
-0.00017125
-0.000170252
-0.000169255
-0.000168262
-0.000167271
-0.000166282
-0.000165296
-0.000164313
-0.000163332
-0.000162354
-0.000161379
-0.000160406
-0.000159436
-0.000158469
-0.000157504
-0.000156542
-0.000155583
-0.000154627
-0.000153673
-0.000152722
-0.000151774
-0.000150829
-0.000149887
-0.000148947
-0.000148011
-0.000147077
-0.000146146
-0.000145218
-0.000144292
-0.00014337
-0.000142451
-0.000141534
-0.000140621
-0.00013971
-0.000138802
-0.000137898
-0.000136996
-0.000136097
-0.000135201
-0.000134309
-0.000133419
-0.000132532
-0.000131648
-0.000130768
-0.00012989
-0.000129015
-0.000128144
-0.000127275
-0.00012641
-0.000125547
-0.000124688
-0.000123832
-0.000122979
-0.000122129
-0.000121282
-0.000120438
-0.000119597
-0.00011876
-0.000117925
-0.000117094
-0.000116266
-0.000115441
-0.000114619
-0.0001138
-0.000112985
-0.000112172
-0.000111363
-0.000110557
-0.000109754
-0.000108955
-0.000108158
-0.000107365
-0.000106575
-0.000105788
-0.000105004
-0.000104223
-0.000103446
-0.000102672
-0.000101901
-0.000101133
-0.000100369
-9.96074e-05
-9.88493e-05
-9.80944e-05
-9.73428e-05
-9.65943e-05
-9.58491e-05
-9.51071e-05
-9.43683e-05
-9.36328e-05
-9.29004e-05
-9.21713e-05
-9.14455e-05
-9.07228e-05
-9.00034e-05
-8.92872e-05
-8.85742e-05
-8.78644e-05
-8.71579e-05
-8.64546e-05
-8.57545e-05
-8.50577e-05
-8.4364e-05
-8.36736e-05
-8.29864e-05
-8.23025e-05
-8.16217e-05
-8.09442e-05
-8.02699e-05
-7.95988e-05
-7.89309e-05
-7.82662e-05
-7.76047e-05
-7.69464e-05
-7.62914e-05
-7.56395e-05
-7.49909e-05
-7.43454e-05
-7.37031e-05
-7.3064e-05
-7.24282e-05
-7.17955e-05
-7.11659e-05
-7.05396e-05
-6.99164e-05
-6.92964e-05
-6.86796e-05
-6.80659e-05
-6.74555e-05
-6.68481e-05
-6.62439e-05
-6.56429e-05
-6.5045e-05
-6.44503e-05
-6.38587e-05
-6.32702e-05
-6.26849e-05
-6.21027e-05
-6.15236e-05
-6.09476e-05
-6.03747e-05
-5.9805e-05
-5.92383e-05
-5.86747e-05
-5.81143e-05
-5.75569e-05
-5.70026e-05
-5.64513e-05
-5.59032e-05
-5.53581e-05
-5.48161e-05
-5.42771e-05
-5.37411e-05
-5.32083e-05
-5.26784e-05
-5.21516e-05
-5.16278e-05
-5.1107e-05
-5.05892e-05
-5.00744e-05
-4.95627e-05
-4.90539e-05
-4.85481e-05
-4.80453e-05
-4.75455e-05
-4.70486e-05
-4.65547e-05
-4.60637e-05
-4.55757e-05
-4.50907e-05
-4.46085e-05
-4.41293e-05
-4.3653e-05
-4.31796e-05
-4.27092e-05
-4.22416e-05
-4.17769e-05
-4.13151e-05
-4.08562e-05
-4.04001e-05
-3.99469e-05
-3.94965e-05
-3.9049e-05
-3.86044e-05
-3.81625e-05
-3.77235e-05
-3.72873e-05
-3.68539e-05
-3.64233e-05
-3.59955e-05
-3.55705e-05
-3.51482e-05
-3.47287e-05
-3.4312e-05
-3.3898e-05
-3.34868e-05
-3.30783e-05
-3.26725e-05
-3.22695e-05
-3.18691e-05
-3.14715e-05
-3.10765e-05
-3.06843e-05
-3.02947e-05
-2.99077e-05
-2.95235e-05
-2.91419e-05
-2.87629e-05
-2.83865e-05
-2.80128e-05
-2.76417e-05
-2.72732e-05
-2.69073e-05
-2.6544e-05
-2.61833e-05
-2.58251e-05
-2.54696e-05
-2.51165e-05
-2.4766e-05
-2.44181e-05
-2.40726e-05
-2.37297e-05
-2.33893e-05
-2.30515e-05
-2.2716e-05
-2.23831e-05
-2.20527e-05
-2.17247e-05
-2.13992e-05
-2.10761e-05
-2.07555e-05
-2.04373e-05
-2.01215e-05
-1.98081e-05
-1.94971e-05
-1.91885e-05
-1.88823e-05
-1.85785e-05
-1.8277e-05
-1.79779e-05
-1.76812e-05
-1.73867e-05
-1.70946e-05
-1.68049e-05
-1.65174e-05
-1.62322e-05
-1.59493e-05
-1.56688e-05
-1.53904e-05
-1.51144e-05
-1.48406e-05
-1.4569e-05
-1.42997e-05
-1.40326e-05
-1.37677e-05
-1.3505e-05
-1.32446e-05
-1.29863e-05
-1.27302e-05
-1.24762e-05
-1.22244e-05
-1.19748e-05
-1.17273e-05
-1.1482e-05
-1.12388e-05
-1.09977e-05
-1.07587e-05
-1.05218e-05
-1.02869e-05
-1.00542e-05
-9.82351e-06
-9.59489e-06
-9.36832e-06
-9.1438e-06
-8.9213e-06
-8.70082e-06
-8.48236e-06
-8.2659e-06
-8.05143e-06
-7.83895e-06
-7.62845e-06
-7.41991e-06
-7.21333e-06
-7.00869e-06
-6.80599e-06
-6.60523e-06
-6.40638e-06
-6.20944e-06
-6.01441e-06
-5.82126e-06
-5.63e-06
-5.44062e-06
-5.2531e-06
-5.06743e-06
-4.88362e-06
-4.70164e-06
-4.52148e-06
-4.34315e-06
-4.16663e-06
-3.99191e-06
-3.81898e-06
-3.64783e-06
-3.47846e-06
-3.31085e-06
-3.145e-06
-2.9809e-06
-2.81853e-06
-2.6579e-06
-2.49898e-06
-2.34177e-06
-2.18627e-06
-2.03246e-06
-1.88033e-06
-1.72988e-06
-1.58109e-06
-1.43397e-06
-1.28849e-06
-1.14465e-06
-1.00244e-06
-8.61853e-07
-7.22881e-07
-5.85513e-07
-4.49741e-07
-3.15556e-07
-1.8295e-07
-5.19132e-08
7.75626e-08
2.05486e-07
3.31866e-07
4.56711e-07
5.8003e-07
7.01831e-07
8.22123e-07
9.40914e-07
1.05821e-06
1.17403e-06
1.28837e-06
1.40125e-06
1.51266e-06
1.62263e-06
1.73116e-06
1.83825e-06
1.94392e-06
2.04818e-06
2.15102e-06
2.25247e-06
2.35253e-06
2.45121e-06
2.54851e-06
2.64444e-06
2.73902e-06
2.83225e-06
2.92414e-06
3.0147e-06
3.10393e-06
3.19184e-06
3.27845e-06
3.36375e-06
3.44777e-06
3.5305e-06
3.61195e-06
3.69214e-06
3.77107e-06
3.84874e-06
3.92517e-06
4.00037e-06
4.07434e-06
4.14709e-06
4.21862e-06
4.28895e-06
4.35809e-06
4.42603e-06
4.4928e-06
4.55839e-06
4.62282e-06
4.68609e-06
4.74821e-06
4.80918e-06
4.86903e-06
4.92774e-06
4.98534e-06
5.04183e-06
5.09721e-06
5.15149e-06
5.20469e-06
5.25681e-06
5.30785e-06
5.35782e-06
5.40674e-06
5.4546e-06
5.50142e-06
5.5472e-06
5.59196e-06
5.63569e-06
5.6784e-06
5.72011e-06
5.76082e-06
5.80053e-06
5.83926e-06
5.87701e-06
5.91379e-06
5.94961e-06
5.98446e-06
6.01837e-06
6.05133e-06
6.08336e-06
6.11446e-06
6.14463e-06
6.17389e-06
6.20224e-06
6.22969e-06
6.25625e-06
6.28192e-06
6.30671e-06
6.33062e-06
6.35366e-06
6.37585e-06
6.39718e-06
6.41766e-06
6.43731e-06
6.45612e-06
6.4741e-06
6.49126e-06
6.50761e-06
6.52315e-06
6.53789e-06
6.55184e-06
6.56499e-06
6.57737e-06
6.58897e-06
6.5998e-06
6.60987e-06
6.61919e-06
6.62775e-06
6.63557e-06
6.64266e-06
6.64901e-06
6.65464e-06
6.65955e-06
6.66374e-06
6.66724e-06
6.67003e-06
6.67213e-06
6.67354e-06
6.67427e-06
6.67432e-06
6.6737e-06
6.67242e-06
6.67048e-06
6.66789e-06
6.66465e-06
6.66077e-06
6.65626e-06
6.65112e-06
6.64536e-06
6.63898e-06
6.63199e-06
6.62439e-06
6.61619e-06
6.6074e-06
6.59802e-06
6.58805e-06
6.57751e-06
6.5664e-06
6.55472e-06
6.54248e-06
6.52968e-06
6.51633e-06
6.50244e-06
6.48801e-06
6.47304e-06
6.45755e-06
6.44153e-06
6.42499e-06
6.40795e-06
6.39039e-06
6.37233e-06
6.35377e-06
6.33472e-06
6.31519e-06
6.29517e-06
6.27468e-06
6.25371e-06
6.23228e-06
6.21038e-06
6.18803e-06
6.16523e-06
6.14198e-06
6.11828e-06
6.09415e-06
6.06959e-06
6.0446e-06
6.01919e-06
5.99336e-06
5.96711e-06
5.94046e-06
5.9134e-06
5.88594e-06
5.85809e-06
5.82985e-06
5.80122e-06
5.77221e-06
5.74283e-06
5.71307e-06
5.68295e-06
5.65246e-06
5.62162e-06
5.59042e-06
5.55887e-06
5.52697e-06
5.49473e-06
5.46216e-06
5.42925e-06
5.39602e-06
5.36246e-06
5.32858e-06
5.29439e-06
5.25988e-06
5.22507e-06
5.18995e-06
5.15454e-06
5.11883e-06
5.08282e-06
5.04654e-06
5.00996e-06
4.97311e-06
4.93598e-06
4.89858e-06
4.86092e-06
4.82299e-06
4.7848e-06
4.74635e-06
4.70765e-06
4.66871e-06
4.62951e-06
4.59008e-06
4.55041e-06
4.51051e-06
4.47037e-06
4.43001e-06
4.38943e-06
4.34863e-06
4.30761e-06
